11848.0
22
1533400820
1259495720
0 1 1 1464 787.0 9 (D 1,1,1) (S 35,19,20) (S 40,22,23) (S 43,23,36) (S 65,36,48) (S 67,37,38) (S 47,26,27) (S 30,15,16) (D 1,1,1)
0 1 2 1473 335.0 7 (D 1,1,1) (S 4,29,29) (S 15,3,12) (S 25,11,19) (S 36,19,31) (S 34,18,19) (D 1,1,1)
0 1 3 1449 463.0 7 (D 1,1,1) (S 32,17,18) (S 53,29,42) (S 57,32,33) (S 38,20,33) (S 90,20,21) (D 1,1,1)
0 1 4 1467 480.0 7 (D 1,1,1) (S 88,11,2) (S 13,2,3) (S 23,10,17) (S 55,30,43) (S 80,44,45) (D 1,1,1)
0 1 5 1401 404.0 6 (D 1,1,1) (S 2,17,17) (S 79,43,44) (S 37,20,32) (S 61,34,35) (D 1,1,1)
0 1 6 1453 378.0 8 (D 1,1,1) (S 27,12,19) (S 11,1,10) (S 22,10,11) (S 24,11,18) (S 54,30,31) (S 5,32,32) (D 1,1,1)
0 1 7 1446 530.0 7 (D 1,1,1) (S 89,12,11) (S 56,31,44) (S 62,34,46) (S 10,50,50) (S 96,47,48) (D 1,1,1)
0 1 8 1466 420.0 7 (D 1,1,1) (S 28,13,20) (S 59,33,34) (S 95,46,45) (S 6,33,33) (S 58,32,44) (D 1,1,1)
0 1 9 1446 581.0 7 (D 1,1,1) (S 17,5,6) (S 46,25,38) (S 70,38,50) (S 98,50,49) (S 68,37,49) (D 1,1,1)
0 1 10 1465 583.0 7 (D 1,1,1) (S 12,1,11) (S 60,33,45) (S 81,46,47) (S 97,49,50) (S 83,50,51) (D 1,1,1)
0 1 11 1375 675.0 7 (D 1,1,1) (S 26,12,13) (S 7,35,35) (S 66,36,49) (S 71,38,51) (S 85,52,53) (D 1,1,1)
0 1 12 1441 443.0 5 (D 1,1,1) (S 18,5,14) (S 64,36,37) (S 42,23,24) (D 1,1,1)
0 1 13 1436 479.0 6 (D 1,1,1) (S 29,14,22) (S 44,24,37) (S 45,24,38) (S 92,25,24) (D 1,1,1)
0 1 14 1395 527.0 7 (D 1,1,1) (S 52,29,30) (S 63,35,36) (S 82,48,49) (S 93,35,22) (S 39,21,34) (D 1,1,1)
0 1 15 1400 323.0 5 (D 1,1,1) (S 33,17,29) (S 78,42,43) (S 9,45,45) (D 1,1,1)
0 1 16 1470 649.0 6 (D 1,1,1) (S 19,6,7) (S 86,7,8) (S 49,27,28) (S 76,40,53) (D 1,1,1)
0 1 17 1432 667.0 6 (D 1,1,1) (S 41,22,36) (S 8,39,39) (S 73,39,51) (S 21,9,16) (D 1,1,1)
0 1 18 1445 616.0 6 (D 1,1,1) (S 1,6,6) (S 20,7,25) (S 69,38,39) (S 75,40,52) (D 1,1,1)
0 1 19 1292 483.0 5 (D 1,1,1) (S 14,3,4) (S 16,4,5) (S 3,25,25) (D 1,1,1)
0 1 20 1430 623.0 6 (D 1,1,1) (S 91,21,22) (S 72,39,40) (S 74,40,41) (S 77,41,53) (D 1,1,1)
0 1 21 1470 711.0 5 (D 1,1,1) (S 48,26,39) (S 84,51,52) (S 87,9,8) (D 1,1,1)
0 1 22 1341 691.0 6 (D 1,1,1) (S 50,27,40) (S 94,40,26) (S 51,28,41) (S 31,16,28) (D 1,1,1)
