17598.0
20
9800720720
2361283680
0 1 1 1869 1416.0 14 (D 86,1,1) (S 117,100,101) (S 48,92,92) (S 122,114,113) (S 52,100,100) (S 51,99,99) (S 96,61,62) (S 13,28,28) (S 18,39,39) (S 94,53,52) (S 40,76,76) (S 34,65,65) (S 128,127,128) (D 86,1,1)
0 1 2 1866 793.0 11 (D 86,1,1) (S 46,87,87) (S 92,50,51) (S 98,64,77) (S 105,77,76) (S 104,75,74) (S 38,74,74) (S 103,73,60) (S 95,60,61) (S 9,16,16) (D 86,1,1)
0 1 3 1873 1084.0 13 (D 86,1,1) (S 121,110,111) (S 126,125,124) (S 50,98,98) (S 81,59,72) (S 26,48,48) (S 12,27,27) (S 99,65,52) (S 33,64,64) (S 100,65,78) (S 116,100,89) (S 111,91,79) (D 86,1,1)
0 1 4 1873 519.0 8 (D 86,1,1) (S 115,99,98) (S 32,62,62) (S 27,50,50) (S 23,45,45) (S 109,84,96) (S 49,94,94) (D 86,1,1)
0 1 5 1871 1285.0 11 (D 86,1,1) (S 114,95,84) (S 119,108,95) (S 89,37,38) (S 84,15,14) (S 3,5,5) (S 83,12,21) (S 20,42,42) (S 30,54,54) (S 133,138,128) (D 86,1,1)
0 1 6 1866 831.0 12 (D 86,1,1) (S 55,108,108) (S 56,109,109) (S 70,133,133) (S 64,123,123) (S 66,125,125) (S 141,147,146) (S 138,142,141) (S 62,121,121) (S 69,132,132) (S 71,135,135) (D 86,1,1)
0 1 7 1835 689.0 8 (D 86,1,1) (S 53,101,101) (S 58,114,114) (S 57,113,113) (S 47,91,91) (S 59,116,116) (S 67,127,127) (D 86,1,1)
0 1 8 1806 1023.0 10 (D 86,1,1) (S 43,83,83) (S 97,63,50) (S 7,13,13) (S 88,27,28) (S 85,17,8) (S 10,20,20) (S 15,30,30) (S 28,51,51) (D 86,1,1)
0 1 9 1826 850.0 10 (D 86,1,1) (S 44,84,84) (S 108,84,70) (S 120,108,109) (S 130,131,132) (S 136,141,131) (S 125,123,111) (S 127,126,137) (S 78,148,148) (D 86,1,1)
0 1 10 1856 719.0 8 (D 86,1,1) (S 37,71,71) (S 61,120,120) (S 132,136,137) (S 72,137,137) (S 110,90,78) (S 42,80,80) (D 86,1,1)
0 1 11 1864 829.0 8 (D 86,1,1) (S 93,52,51) (S 19,41,41) (S 21,43,43) (S 106,81,80) (S 124,117,106) (S 54,103,103) (D 86,1,1)
0 1 12 1808 542.0 8 (D 86,1,1) (S 45,85,85) (S 74,140,140) (S 131,133,143) (S 76,143,143) (S 137,142,132) (S 63,122,122) (D 86,1,1)
0 1 13 1840 759.0 8 (D 86,1,1) (S 8,14,14) (S 14,29,29) (S 5,10,10) (S 6,12,12) (S 29,53,53) (S 35,67,67) (D 86,1,1)
0 1 14 1837 770.0 7 (D 86,1,1) (S 24,46,46) (S 25,47,47) (S 1,2,2) (S 2,3,3) (S 41,79,79) (D 86,1,1)
0 1 15 1809 1058.0 9 (D 86,1,1) (S 22,44,44) (S 80,3,4) (S 11,22,22) (S 90,38,37) (S 16,32,32) (S 87,20,11) (S 39,75,75) (D 86,1,1)
0 1 16 1848 787.0 9 (D 86,1,1) (S 134,140,118) (S 135,140,141) (S 140,145,144) (S 139,144,134) (S 77,144,144) (S 75,142,142) (S 102,70,83) (D 86,1,1)
0 1 17 1836 1209.0 9 (D 86,1,1) (S 65,124,124) (S 113,93,106) (S 123,116,129) (S 60,117,117) (S 68,130,130) (S 73,139,139) (S 112,93,82) (D 86,1,1)
0 1 18 1702 754.0 8 (D 86,1,1) (S 4,6,6) (S 86,19,18) (S 91,42,41) (S 17,33,33) (S 101,69,56) (S 36,68,68) (D 86,1,1)
0 1 19 1812 1207.0 7 (D 86,1,1) (S 31,58,58) (S 82,4,5) (S 118,104,115) (S 129,129,128) (S 79,150,150) (D 86,1,1)
0 1 20 399 474.0 3 (D 86,1,1) (S 107,82,69) (D 86,1,1)
