723.0
7
154864220
145430600
0 1 1 35 85.0 5 (D 1,1,1) (S 1,2,2) (S 9,2,6) (S 21,6,12) (D 1,1,1)
0 1 2 35 201.0 8 (D 1,1,1) (S 18,1,4) (S 12,4,10) (S 11,11,13) (S 3,9,9) (S 20,8,9) (S 16,1,5) (D 1,1,1)
0 1 3 32 134.0 7 (D 1,1,1) (S 8,2,8) (S 17,8,12) (S 6,12,12) (S 14,3,6) (S 2,7,7) (D 1,1,1)
0 1 4 26 73.0 4 (D 1,1,1) (S 19,1,3) (S 22,6,10) (D 1,1,1)
0 1 5 28 79.0 4 (D 1,1,1) (S 15,2,3) (S 7,4,5) (D 1,1,1)
0 1 6 31 104.0 4 (D 1,1,1) (S 13,4,11) (S 5,11,11) (D 1,1,1)
0 1 7 25 47.0 4 (D 1,1,1) (S 10,5,10) (S 4,10,10) (D 1,1,1)
