510.0
10
622555220
564616500
0 1 1 27 44.0 7 (D 1,1,1) (S 26,1,27) (S 37,8,9) (S 39,6,9) (S 2,4,4) (S 5,10,10) (D 1,1,1)
0 1 2 27 47.0 9 (D 1,1,1) (S 11,2,12) (S 20,4,12) (S 29,4,19) (S 19,1,19) (S 31,1,24) (S 35,22,23) (S 46,25,26) (D 1,1,1)
0 1 3 27 81.0 10 (D 1,1,1) (S 1,2,2) (S 40,12,19) (S 43,12,13) (S 13,14,20) (S 16,21,23) (S 4,8,8) (S 36,3,6) (S 21,5,9) (D 1,1,1)
0 1 4 27 88.0 9 (D 1,1,1) (S 30,1,15) (S 27,15,17) (S 25,21,22) (S 38,22,25) (S 41,18,25) (S 14,13,14) (S 7,16,16) (D 1,1,1)
0 1 5 25 72.0 7 (D 1,1,1) (S 42,1,17) (S 47,13,15) (S 15,15,20) (S 18,21,25) (S 17,3,4) (D 1,1,1)
0 1 6 25 39.0 5 (D 1,1,1) (S 10,1,3) (S 12,3,8) (S 23,24,27) (D 1,1,1)
0 1 7 22 34.0 5 (D 1,1,1) (S 22,4,6) (S 3,6,6) (S 45,6,8) (D 1,1,1)
0 1 8 25 35.0 5 (D 1,1,1) (S 33,4,5) (S 28,5,6) (S 24,7,11) (D 1,1,1)
0 1 9 27 36.0 5 (D 1,1,1) (S 9,26,26) (S 8,23,23) (S 32,20,21) (D 1,1,1)
0 1 10 26 34.0 5 (D 1,1,1) (S 6,14,14) (S 44,14,18) (S 34,18,21) (D 1,1,1)
