594.0
7
194662300
191979200
0 1 1 40 117.0 7 (D 1,1,1) (S 24,1,6) (S 8,3,8) (S 5,8,8) (S 20,2,3) (S 13,3,7) (D 1,1,1)
0 1 2 39 86.0 7 (D 1,1,1) (S 21,1,5) (S 3,5,5) (S 26,5,7) (S 4,7,7) (S 16,7,10) (D 1,1,1)
0 1 3 40 56.0 6 (D 1,1,1) (S 11,1,7) (S 9,6,7) (S 22,6,9) (S 6,9,9) (D 1,1,1)
0 1 4 40 47.0 6 (D 1,1,1) (S 2,4,4) (S 14,4,2) (S 1,2,2) (S 18,5,6) (D 1,1,1)
0 1 5 37 190.0 6 (D 1,1,1) (S 12,7,8) (S 7,8,10) (S 10,4,1) (S 25,3,6) (D 1,1,1)
0 1 6 33 90.0 5 (D 1,1,1) (S 23,4,5) (S 17,2,8) (S 19,9,10) (D 1,1,1)
0 1 7 16 8.0 3 (D 1,1,1) (S 15,3,1) (D 1,1,1)
