566.0
6
91643860
61400079
0 1 1 47 179.0 13 (D 1,1,1) (S 1,2,2) (S 19,2,22) (S 21,2,4) (S 31,7,4) (S 6,7,7) (S 4,5,5) (S 12,13,13) (S 17,13,22) (S 35,7,2) (S 23,2,3) (S 16,1,10) (D 1,1,1)
0 1 2 46 98.0 9 (D 1,1,1) (S 2,3,3) (S 34,3,9) (S 18,9,10) (S 7,8,8) (S 27,8,12) (S 8,9,9) (S 15,19,19) (D 1,1,1)
0 1 3 37 48.0 9 (D 1,1,1) (S 3,4,4) (S 5,6,6) (S 37,6,15) (S 29,15,16) (S 13,16,16) (S 10,11,11) (S 32,4,1) (D 1,1,1)
0 1 4 30 80.0 6 (D 1,1,1) (S 38,5,14) (S 28,14,15) (S 33,5,1) (S 24,2,1) (D 1,1,1)
0 1 5 39 63.0 8 (D 1,1,1) (S 9,10,10) (S 25,10,18) (S 14,17,17) (S 11,12,12) (S 30,11,12) (S 20,3,4) (D 1,1,1)
0 1 6 25 98.0 6 (D 1,1,1) (S 22,18,19) (S 26,20,21) (S 36,21,22) (S 39,9,19) (D 1,1,1)
