691.0
6
39707220
37230620
0 1 1 4 67.0 6 (D 1,1,1) (S 1,4,4) (S 10,2,9) (S 4,2,2) (S 9,2,4) (D 1,1,1)
0 1 2 5 191.0 7 (D 1,1,1) (S 2,3,3) (S 24,3,4) (S 8,2,3) (S 12,5,11) (S 25,5,3) (D 1,1,1)
0 1 3 5 84.0 7 (D 1,1,1) (S 3,10,10) (S 18,10,11) (S 14,7,8) (S 7,7,7) (S 26,7,6) (D 1,1,1)
0 1 4 5 125.0 7 (D 1,1,1) (S 5,11,11) (S 29,9,11) (S 17,9,10) (S 28,8,10) (S 16,8,11) (D 1,1,1)
0 1 5 5 52.0 7 (D 1,1,1) (S 6,12,12) (S 27,12,6) (S 15,7,12) (S 23,1,12) (S 11,5,6) (D 1,1,1)
0 1 6 5 172.0 7 (D 1,1,1) (S 13,5,12) (S 22,1,10) (S 20,1,4) (S 19,1,2) (S 21,1,7) (D 1,1,1)
