187.0
11
44043160
34125420
0 1 1 27 2.0 3 (D 1,1,1) (S 1,2,2) (D 1,1,1)
0 1 2 26 11.0 5 (D 1,1,1) (S 15,3,10) (S 2,3,3) (S 10,3,5) (D 1,1,1)
0 1 3 24 2.0 3 (D 1,1,1) (S 3,4,4) (D 1,1,1)
0 1 4 22 20.0 5 (D 1,1,1) (S 11,4,7) (S 4,5,5) (S 30,5,10) (D 1,1,1)
0 1 5 21 32.0 7 (D 1,1,1) (S 5,6,6) (S 24,6,9) (S 14,7,10) (S 16,1,10) (S 19,1,9) (D 1,1,1)
0 1 6 25 17.0 5 (D 1,1,1) (S 6,7,7) (S 26,3,9) (S 29,9,10) (D 1,1,1)
0 1 7 27 11.0 5 (D 1,1,1) (S 31,10,11) (S 7,8,8) (S 34,1,2) (D 1,1,1)
0 1 8 24 32.0 6 (D 1,1,1) (S 23,1,5) (S 21,4,9) (S 9,9,11) (S 13,1,7) (D 1,1,1)
0 1 9 23 15.0 5 (D 1,1,1) (S 22,2,4) (S 25,2,8) (S 20,6,8) (D 1,1,1)
0 1 10 24 12.0 6 (D 1,1,1) (S 12,1,4) (S 32,1,6) (S 18,2,6) (S 27,1,11) (D 1,1,1)
0 1 11 23 33.0 6 (D 1,1,1) (S 33,2,11) (S 17,2,5) (S 28,5,11) (S 8,8,9) (D 1,1,1)
