153.0
8
29753919
26185600
0 1 1 25 27.0 5 (D 1,1,1) (S 1,2,2) (S 16,2,9) (S 19,9,10) (D 1,1,1)
0 1 2 6 18.0 4 (D 1,1,1) (S 4,5,5) (S 24,1,5) (D 1,1,1)
0 1 3 23 8.0 4 (D 1,1,1) (S 14,2,4) (S 3,4,4) (D 1,1,1)
0 1 4 21 44.0 8 (D 1,1,1) (S 13,7,10) (S 6,7,7) (S 21,7,9) (S 23,7,8) (S 8,10,10) (S 17,4,7) (D 1,1,1)
0 1 5 24 25.0 6 (D 1,1,1) (S 5,6,6) (S 12,6,9) (S 18,6,11) (S 7,8,8) (D 1,1,1)
0 1 6 21 12.0 6 (D 1,1,1) (S 20,1,8) (S 22,2,8) (S 11,1,11) (S 10,7,11) (D 1,1,1)
0 1 7 12 15.0 4 (D 1,1,1) (S 9,1,9) (S 15,1,2) (D 1,1,1)
0 1 8 22 4.0 3 (D 1,1,1) (S 2,3,3) (D 1,1,1)
