212.0
8
55118420
34581680
0 1 1 26 25.0 7 (D 1,1,1) (S 1,2,2) (S 34,2,4) (S 9,8,9) (S 14,7,10) (S 25,1,5) (D 1,1,1)
0 1 2 27 32.0 7 (D 1,1,1) (S 2,3,3) (S 17,3,10) (S 21,3,11) (S 20,3,9) (S 10,1,7) (D 1,1,1)
0 1 3 26 21.0 5 (D 1,1,1) (S 3,4,4) (S 30,4,11) (S 33,4,10) (D 1,1,1)
0 1 4 23 17.0 6 (D 1,1,1) (S 4,5,5) (S 11,5,8) (S 12,5,10) (S 24,1,8) (D 1,1,1)
0 1 5 27 42.0 9 (D 1,1,1) (S 5,6,6) (S 13,6,10) (S 23,6,9) (S 18,6,7) (S 26,2,3) (S 28,3,5) (S 32,1,3) (D 1,1,1)
0 1 6 27 15.0 6 (D 1,1,1) (S 6,7,7) (S 8,10,10) (S 15,3,7) (S 29,4,6) (D 1,1,1)
0 1 7 22 23.0 5 (D 1,1,1) (S 7,9,9) (S 19,4,7) (S 22,7,9) (D 1,1,1)
0 1 8 27 37.0 7 (D 1,1,1) (S 16,2,5) (S 35,5,11) (S 27,1,9) (S 31,1,4) (S 36,1,11) (D 1,1,1)
