186.0
9
46985120
44284380
0 1 1 25 23.0 6 (D 1,1,1) (S 1,2,2) (S 24,2,9) (S 30,2,11) (S 6,7,7) (D 1,1,1)
0 1 2 20 2.0 3 (D 1,1,1) (S 2,3,3) (D 1,1,1)
0 1 3 27 8.0 5 (D 1,1,1) (S 3,4,4) (S 9,4,9) (S 7,8,8) (D 1,1,1)
0 1 4 25 20.0 7 (D 1,1,1) (S 4,5,5) (S 13,5,8) (S 14,5,7) (S 16,1,10) (S 5,6,6) (D 1,1,1)
0 1 5 20 21.0 5 (D 1,1,1) (S 8,9,9) (S 20,9,10) (S 31,4,11) (D 1,1,1)
0 1 6 21 33.0 7 (D 1,1,1) (S 10,4,7) (S 29,7,10) (S 28,1,7) (S 12,7,9) (S 26,1,11) (D 1,1,1)
0 1 7 24 26.0 8 (D 1,1,1) (S 15,2,3) (S 17,3,10) (S 19,3,7) (S 18,1,3) (S 25,3,4) (S 22,1,8) (D 1,1,1)
0 1 8 22 30.0 5 (D 1,1,1) (S 21,4,5) (S 23,5,11) (S 33,5,10) (D 1,1,1)
0 1 9 21 23.0 5 (D 1,1,1) (S 27,2,5) (S 32,1,6) (S 11,6,8) (D 1,1,1)
