596.0
7
24604720
21662480
0 1 1 40 82.0 7 (D 1,1,1) (S 1,2,2) (S 18,2,3) (S 20,3,6) (S 15,2,5) (S 8,1,6) (D 1,1,1)
0 1 2 35 29.0 4 (D 1,1,1) (S 4,5,5) (S 16,2,1) (D 1,1,1)
0 1 3 40 31.0 4 (D 1,1,1) (S 3,4,4) (S 7,9,9) (D 1,1,1)
0 1 4 27 18.0 4 (D 1,1,1) (S 5,6,6) (S 2,3,3) (D 1,1,1)
0 1 5 36 42.0 4 (D 1,1,1) (S 12,5,6) (S 6,7,7) (D 1,1,1)
0 1 6 40 302.0 7 (D 1,1,1) (S 9,6,7) (S 11,7,8) (S 13,7,9) (S 21,1,8) (S 19,8,10) (D 1,1,1)
0 1 7 27 92.0 5 (D 1,1,1) (S 14,1,9) (S 17,4,2) (S 10,8,9) (D 1,1,1)
