550.0
6
49923440
37563960
0 1 1 5 62.0 6 (D 1,1,1) (S 1,4,4) (S 8,1,2) (S 5,9,9) (S 10,2,4) (D 1,1,1)
0 1 2 4 136.0 6 (D 1,1,1) (S 2,5,5) (S 7,6,8) (S 13,3,5) (S 23,5,11) (D 1,1,1)
0 1 3 3 46.0 4 (D 1,1,1) (S 3,7,7) (S 14,7,8) (D 1,1,1)
0 1 4 4 100.0 6 (D 1,1,1) (S 4,8,8) (S 9,8,11) (S 6,10,10) (S 24,10,11) (D 1,1,1)
0 1 5 5 59.0 7 (D 1,1,1) (S 11,5,6) (S 12,6,7) (S 18,1,7) (S 21,6,12) (S 19,1,12) (D 1,1,1)
0 1 6 5 147.0 7 (D 1,1,1) (S 15,3,4) (S 16,1,9) (S 17,2,9) (S 22,9,10) (S 20,2,3) (D 1,1,1)
