826.0
7
13672400
8069039
0 1 1 32 86.0 5 (D 1,1,1) (S 1,2,2) (S 9,8,12) (S 2,3,3) (D 1,1,1)
0 1 2 29 144.0 6 (D 1,1,1) (S 4,5,5) (S 20,2,8) (S 13,8,9) (S 5,9,9) (D 1,1,1)
0 1 3 31 106.0 4 (D 1,1,1) (S 8,4,11) (S 3,4,4) (D 1,1,1)
0 1 4 22 115.0 4 (D 1,1,1) (S 17,4,10) (S 14,10,11) (D 1,1,1)
0 1 5 34 136.0 6 (D 1,1,1) (S 21,11,13) (S 10,11,12) (S 6,12,12) (S 16,6,12) (D 1,1,1)
0 1 6 29 69.0 4 (D 1,1,1) (S 19,1,4) (S 18,6,10) (D 1,1,1)
0 1 7 35 170.0 6 (D 1,1,1) (S 15,7,9) (S 11,2,3) (S 12,1,2) (S 7,1,3) (D 1,1,1)
